22766
22243
222688
22272
2229
223
2235
22364
2242
22422
2243
2244245
22637
2272426
22726
22742662
22743632
22745
2276566
228
222242
223
232
2324
23247
232542
2326
2326462
232662
23272
2334766
233
23352
23352433
23353
2335463
233546
233553
2336
2336
233737
2343
23435
23452
23462
23482
23524
2354
236536
236574
236624
236642
23672
237426
2374262
2374266
23743663
239
23526
2337422
2372
23742
237422
23866
242636666
242842
24443
24637
24
24282
24
2432
24326
2456
245336
24547
245474
24633
2463
2467539
2475464
2475466
24992
252
25264
2529
25454
25854
25
25247
25253
2526
25262
252662
25278247
252872
25226
252269
252378
2523782
2523786
25246
252462
2532
25326
25336
25366
253662
2532
25332
253526376
2536
25362
253772
25382
253842
2538432
253882
2539
25392
253926337
253926372
2539263742
253942
253947
2536676
253733
2543766
254
2542
25423
254242
254524
25452
25462
25462
254742
254766
254772
25493
2552
2553472
25536
255363
25543
2554766
2559766
2562
256332
256445264
25746673
2572842
258432
2582
25846
2596
259766
259772
2623387
262367
262542
262543
2626
26262
262632
2626352
26272
26272682
26272683
26272684
262747
262795547
26292
26237
2627673
263542
26362
264
26435
26462
2647
26474
26489
2662
2667462
2667
269
26
262
26247
26254373
2625473
26262
262636
262782742
2628652
2628653
2633
26372
26372596
26373
263732
2637327
263737
263739
2639
2636663
263829
26435
264352
26435422
26435462
264356
26443
26487
264
264
26452
26452
26472
26482
264872
2652
26566
266
2662
26625473
26626452
2663
266353
2663883
266423
266425
26647
2664772
266672
26668
268432
2684669
2684663883
2686463883
2686642
2686643
268669
26927
2692
2656
265264
274763483
276556
2776556
27742
27745
2722352
27223552
2726
2726
2724
272442253
272443
273484
2736
273842
27487
274
2742
274262
27435
2743552
2743553
27436
274772
274782
27492
2752349
27536
275363
2756
2759632
276263
2762633
2762636
2763553
276462
276283
2763
27643
276653
2766
278
2783647
278487
27843
2789
27843
27846
272
27224
272543
272742
274
2742
27429
27437
274539
2745464
274596
274866
274896
2747
2754
27633
2782
2784673
27846
27872
278743
28256
2842542
284362
28472
2823782
282739
282742662
2834
28372
283739
284878
28487846
28487887
28544
2873
2873542
287672
287673883
287846
288866
282
282566
2835
2835463
28379
284
2847
284825
2848
28482
28664272
2935
293553
292
29263
292662
2952
29652
29742
29262
29492
29493
2972
297435
29852
29872
2222
2223883
224274
224539
22473
22476
225852
2255273
225842727
22624
22654
227253
2272
2272272
227243
2272529
22753
22762227
2276273
227639
22769
2277
227726
22773882
22779
2278
22784
22784653639
227866
227824
2279
2274
22745
2278
2278436
229837
229273
22936
229533
2296
232
23282
23283
23287423
2328749
2328
2328734273
2323
232446
23222
2325
23252
23259
235
2352
23529
235336
2354632
235482
2355
23552
23553
2355464
236
2362
236273
23633428
23636
236482
23652646
23659
2366388
23669
236766
2373463
2374
23753
2376
2376233883
237623463
2376273
23763
2376423
237643
23769
2378
237842
23784553
23795
2377
237743
2384
238426
2384269
23879
23883
23889
238524
23826
2383759
23847
23952
24262
242622
2424263
2433542
245482
24536
2455
24559
246
2462
2464
2464426
24724
247233
247467
24866
25676
25233
252463
25247
25253
2526243
25293
253632
254632
25477
254843
2563996
2567766
2586
25862
259843
26
2629
262
2662
26628368873
2663
266482
266643
2666
26663
26747
26936
26943
2693
272242
2723
272336
27233673
2723539
2723336
272462
2726
27263
2726333
2726343
2726366
27268
2729866
2729336
272945
2732662
2732546
27333
2733
27346
27363
273632
2736326
273662
2736626
27368
27388
27397837
27426
274262
2742662
2742663
27427
27423
27425
2743438
2743448
2743553
27437
2744426
27444866
274448
27444883
2745263
274554268
27462
274659
2748
27482
2748246
274826642
2748269
274882642
27488269
27488633
27625
27639
2766
27663
2766766
2766936
276653
27665596
276657
27823
27866
27926
2792663
279268
27923
279443
27966
279669
279866
2825
283
28339
28339
28669
28733883
28753
2878
287866
288837359
2899
2973
29766
2233
22333
2233623
2239
2235
223526
223727
224
2245326
2246453
2246
22463
2247273
22476
2247
2248546
2248596
225
2252
225247
22526372
22526842
225337
2253
22532
22539
2254686
22549
2254983
22552
225542
22554673
22554782
225586
225846
2258463
226
226396
2263766
2264552
2264553
226546
2262
2263223
2263423
2263432
2263433
226343
22639
2272
2272533
2273773
22742
227462
2274772
2275
22752
22753866
22754753
227567
2275682
22756882
2275866
22759
227635
2276352
227635482
227636
2276463
22765
22765362
22765463
2276596
22766
2277
2277425
227743
227743266
227766
227796
227837
227837
2279
22739
2274546
2274647
22766372
227727
227737
227726372
227742
2277439
2277487
227835
2282546
228437463
22849
228746
22952
23262
23276
2323
23245
232453
2324542
232459
233742
2353783
23537896
23542
235462
235463
237473
23727
2423
242352
242354
2424596
24246
2425743
24262
242623
2426235567
24263537
2426372
2426666
2426825
2426835
242747
24274773
2427489
242752
2427533
242753444
24275363
2427537
2427568
242756883
242762463
24276
24277
2427
24273
24278489
24286239
24282
24284
2429573
243243
243572
2435732
243574
2435742
2436
243639
243662
2437
24374
243743
2437546
243779
243795
243762
2437837
2438
24393663
243963
243927462
24425
24426
24452
24455
2445866
2446358
24462
2447
24476
24563
2456747
24747
2474779
2474782
247478426
2474784262
247478462
247478463
24747867437
2474789
24825
2486264
2486
24962
249662
2426
242662
24272
242359
242376
242459
243
2435
24639
2472
247452
2476
2476226
24779
252473
25272
252725
25273
25273623
25274772
25275
252753
252833
2528342
2529
25295263
2529866
2532
25326842
2532887
25328268
253283
2532866
2536
2536367
2536368
2536368463
2536
25382
253835263
25433
25433673
2543866
25468
2546866
2546
254887
25483
256342
256747
25683
256837
2624382
2639
2653
2653883
2654469
26546
2654782
2655336
2655423
265546
2656
265626
265866
26586242
2663678
26626
266526
266539
266637
266643
2666539
266667
26667
266723
266782623
26678268463
26678352
26678356
2668368
266929
2669377
266737
2672
26725
2672542
2672543
267246
26729
26733542
267368463
26739
26746
267462
267463
2674662
2674663
2675477
26763542
267635487
2676355
2678
2679
2673883
267462
26766
2689
26878639
269
2693
27244
273444866
273652
27372368
27383
273826
2747746
274789
2797825
285536
28779
2878
287847
28842378
288537
288837
29
292353
29245
292455
293
2962
29634
2968442
29724
29745
29787
32239
323933
32426
324627
32462378
324542
32479
325682
3253
32542
325452
32548
325527
325546
325866
32582
326426
326482
32666
326
3262
32623
3263
3264
326422
326435
3264352
32643553
326452
32645
32664355
32669
32683
326866
32695
327463
3272
32729
32729
32729
3273
32742
327426
32746
32746
32752
3275363
3276355
3277355
327736
327746
3277466
3277487
327795
3277426
327946
32795
32726
32742
32826
3283
32843
328432
32846
328462
32847
3296
329866
332
3326
3326372
332662
332663
332243
33229
3326724
33272
334372
33466373
3347372
334837
33524
3352
335
3352463
3352639
3352378
3353462
33542
335452
3354524
33549
33552
3355464
3356737
33574463
33582
3358
33623
33638742
336387487
3364
336487487
33677837
3362
336254
33647
336473
33662
336647
336837
33693
336
3366
33729
33735
33739
337422
337668
337672
3377425
337766
33779
337
337262
337336662
3374
337433746
3374733
3376663
33772
3378469
3382
338254
3384
33846
33866
3386724
3386748
33939
339488
339837
339872
342556
34262
34263
342663
3426842
3426843
34282
3425
343437
3437452
34346
345526
3455426
345566
3462
34624
3466
3466
346663
346697487
34669787
3467
3475
34943
34966
364874
36263
362867
3632
364
36559
3656737
36574
366
366264
3664642
36646425
366464783
366469
366
366244
366244
36625
366253
36628
366286
3663553
36662
366635
3666422
36669
3666826
3672
367227
3673
3674
36742
367426
36743
3674632
36747
36748
36768432
3676849
367738
367739
3679
368
36889
3684
368425
3684527
36845277
36953
3698
37253
373262
3739
378
38263
382
383539
38362
3833
38426
3852
3853
38523
385232
3852462
38524632
3864
386226
386494
38652
3866
38663
387242
387846
38789
392963
394448
3956724
3926
39264
392663
39526
395547
3973
39747
323646
32666
3275
3275363
3276378
327837
32826
32669
3246
33
3325363
3325463
33262
3332
33343
3339
3335463
3336
33362
33427
3343
334766
33482
33484
336863
3362
33742
339273
3392736
33946
339462
339843
33343
33728
33736
3426
345336
34547
34826
352
352463
3526
35262
35264
35282
3532
35336
35366
353672
3532667
3532872
35362
3537483742
35446
354
3542
35427
3543
354524
3546
354672
35468
354722384
35473
354742
35482
35492
354922384
35524
35526
3553
3552
355273
3553
355362
35536
355379
35543
355468
3554688
35547
3566
356473
3572
35743
3577384
35866
358
35846
358462
358472
35847
359
359742
3626835
36268353
36353
36363
36372
3637253
36379
3645
364542
364543
364546
36459
3662
36626835
36638
366388
36659
3643
36647
3667
367426
3652633
3747246
37432646
37
3727687
374
3742
37422
3745
37452
374636842
3746
3747
375263
3762
3763
37646
3762
376378
37643
3766
3766
3767
37746
37765
378
37846
37946
3795
37236
3743
3762
376373532
3783226
3783553
37837
378437
378725482
3826
38262
38376489
38426
38435
3843532
3882
383672
384363
3852542
3852543
3873642
38743642
38743423
382
3826
38263
3826435463
382642
383
383542
3835436
383596
3837388
383883
3843
38482
386663
392
3925
39343
3935435
3972
322426
32243663
3224652
32274946
3228664
3247329
324759
32484
3252
3253
325566
3262466
327422
32747
327539
327724
3277355
328462
328782
32878463
328426
3296
329
3293
3295466
333672
334835
335384
335423
3354242
33542489
335469
33549
3355
335866
33663552
336727
337346263
337425
337487
33748766
3376
33762636
337747
337765
3422472
3426
34335
3433542
3433546
3433552
34353
3452378
34542
34547462
346336
346539
3466
34662
346652
34662
346626
34666
34666852
34673692
3475
3477342
3526
35266379
3528426
35382437
35387
35468
356
35672
3567262742
35673623
356742
35674263
3567432
3567743
356937
35693
35966
3652
36632
366332
367237
3673
367366
3677378
367737837
3677837
3678863
367837
36868246
369
369
372539
3726
3726237
372623722
3726247
37265
37265546
37269
3727437
372963
3733
373339
373337422
373337425
37337422
37333
3733626
37352
3736668
37392
374332
37489
374894
376633
37862
3793
385274448
385537
3966
42229
4223
4224
4227435
42274352
422743552
422743553
4229
423826
4238263
42362
4243
4245
424553
4246355
42487
4253
42536
425366
4254
425524437
425542
425846
426232
42625
42625435
42648
426666
42692
4273637
427384
42734353
427736
427738
4277388
4277425
42774766
427766
42779
427766
42784
427839
4279
42837
428728
4288437
42826
42846
428484
428745
429
4293
42953
4295673
4296355
429254
4293553
42948
43552
435739
43662
4363
43638
436382
436384383
43662
4368
43633
43633739
436734
436743
436743883
4367442
43674462
437253
437253363
437253463
4372536
437273
43732
4374
43745
4376246
43762463
437634
43779
4377466
43787833
44482
4422666
4426
442662
442766
443366
4444
445
4452378
44532
44537
4454
445537743
4455426
446
4462
446222756
446282
446437
44669
4466
446552
4467446
44682664
447352
4473553
4482
448266
44835
448835
448546
44873773
4482
4492
452397
4536
453632
45366
453662
4536647
453697
45672
456742
45679
4596
459647
4596647
463262
4633739
46532
465343
46539
46637
467366
46739
47223
472243
47239
472426
4726
472642
47268
472684553
472842
47284262
4729766
472942
47337
4734
47344
4734679
47382
47382436
473835
4743346
47473532
47493532
476837
482325873
48258437
48226
483786
483638373
48436
484638373
48632
486627
4868437
487
4873
4874
48748
487828
489
4936
493636596
4996
4996384
49779
42236
42242
42244
4232
42327
42327724
423539
42453
424637
425274
425
42536
42539
4254
425662
426
42625
42645866
426538
426546
4267866
4262
4265
426539
42662
426624
426635673
4267
4269452
426
4272242
427526
427539
427569
427666
4276669
427653
427686
427737
4277438
42774766
42779
4278
42789355
4278
427854
427856
427864
42782
427839
42723
427262
427846
428392
42836
4292
429336
429539
4299273
429352
42935
4293553
429462
43284
4328437
43289663
432867
43332
43342
43382
433944
4339
43392
43434
43469
4352463
43536
435362
435363
43542
43542
435537
4356473
43674
436743882
436745
43679
4372
4372
4372378
437278
4373666
437626
43772435
43789
437737
437837
437842
439488
4432546
4434
44376
4452
4452
4452473
445279
44532
44533
4455279
44592743
4462
44632
447656
44774
465336
4654329
4655223
46554
465547
46559
465593
4658
46637
46639
466672
4666742
4673
467223
46787
46732
46744
4674456
4687866
469273
4693
469355
46943
482378
483
48352
4839
4844
4846
48674739
486837
48758
4876
4877346
49
49224684
49626
4976643687
426
42662
426843
432
432533
432542
43262
432633
432642
4372
433
443
4444
4449
44628487
453
45262
452746
454262
4548
456
4566
45674
4573
459772
4664363
462
46274
463373633623
46342
463472
46372
4639
46346489
4642
4643
464743
46653
465462
4652
465264
466
4662
476
472
4726
47363
4742
47462
4747
47472
4762
478464
4795
47222
472235
472247
4723672
472424
472663
4742
474
4747
475336
4762352
476245
47638
476533
4772
477235
47729
482
482542
4826
484
4843
486
48742
48748
489
493342
4935524
52
52254
522274
522456
52247
52285264
5223
5224682
5225
522543
5225766
522596
52262
522622
5227835463
5227837
522784
5232
5233
52336
52366
52396
523942
5235
523278
52463
524643
5253
52536
525363
52545
52637
526373
52643
526452
526
5262
52623
5263
52635
5263553
52638
5263883
52642
526423
526462
526463
5274384
5272
52733
5274284
5277388
527847
5276463
52766
527737
52836
529
529336
52963
5295966
5326
5326463
532663
532
5333
533337766
5333739
536462
53646
53647
53662
53663553
53663772
536643
53664337
53669
5367
536736
53733
53736424
537369
5374
537422
5374246
53763
537636
537653
53766
537663
537666353
5377355
5377425
53779
5378742
5377
53773
5377422
537743
53787
538476
5388
53935
539355
5393235
542662
54426
5455
5455426
546
54669
546
5472
5476
5626
56266
562662
562663
562
5622782
5623596
5625
5634
56343
5639
563
5635
563553
5639
5642662
5646
564669
5643
5652
565363
56543
566
56624
56628426
56669
567326
56736
56743
5676
567796
5679
5673
56733
567374
567374463
5674
567482
567492
567424
56743
56783
56826
56842663
568482
569
56923
569596
5826
58262
5826325966
5826482
58225
583
58324
5833
5833
583484
583766
5839
5854
58537
58542
585426
5854262
58542662
58542663
58543
585438
58546
5854742
5859
586653
586
5863
586467
587846
5878463
5878473
522423
522454
522472
522352
5224462
5229
523336
5235
523546
523843
52454542
524
5245872
524539
5248596
5252
52532
52534
5253444
52539
5254
52546
5254632
5254782
52554
52625
526254
5263
5263552
5263796
52645
5264542
52633
5263
5272
52726
5273
527336
52736
527362
5274
52745
52746
5274624
527462
52747
5275
52752
52754
52762
5276462
52762
5277866
527356
5274
52746
527727
527742
528
5282
5283
5283546
528427463
528437463
528443
52845336
5284796
52849
52843
528462
5286
5287462
5288644
5289
52852
529362
529
5292
529233
52952
5295262
529533
5296
5296642
529
5294
5298
532426
532472
532
53336
53362
53333
533337
533426
533526
533542
53359
53362
533626
53363
53392
533472
534
53454
53454
5347
53472
534726
53482
5348276
53484
53529
53532
5353
53544
535452
535526
535533
535536
535539
53554
5355743
53559
535739
535866
535846
536
5362342
5362343
53632
5363255
53634
536347
536372
5364742
536539
53662
536626
5366334
5366339
5366384
53669
5368
536866
53694
536966
536943
53652
5366
53732
53736
537648
5376
5377
53774
53779
53746
538272
53846
538462
5392662
5425432
542545
54254742
54479
54877836
542
5424
54262
5426372
542423
54336
543726
54377836
5446
5454
54539
5455426
546
5462255
54623759
5464
54669
546
5462
54633
5464
54647866
54647352
54656
54663
54672
5475464
5477
5472
547226
54725
54729
5474
54745
5475
54767
54772
54774
5477836
54742
54744
5482
548656
54872
54889
5496744
54999
55287
554867
5688
5632
5636
5656
565866
566263
5673355
56736
567363
5674
5679
567892
5686
56878639
56983
5747
574782
5747836
57478426
5747846
57478462
57478463
5747867437
5797896
5862
5864
586456
586456
5872
5874
58766
5878
5926482
5952
5953
5953444
595363
59537
59542
59543
5962
59626
5968442
596866
5972
597363
59742
52
52239
5224526
5229
523343
5235
524352
52462
52473
525826
5258262
52546
5252
5253
52534
5254
525482
5256
52627
52642
526668
526
5262
52624
526292
52623
52623568
526336
5263377
526347
526366
526379
5263
5263553
5264
526437
52647866
5264
52657866
52692
5278382
5272
5272463
5273462
5274772
5275
52779
5277
52783
5278255
52722
527743
527956
5282692
528426
5284767
528452
5284637
5284742
52872
528736
52873623
528743
52825
5283
5283763
52839
5284
528666
5286663
5292632
52973623
529736242
52952
52963
52927
5292787
5299276
532
5324
5325
53252
5326337
53263
532662
532663
5328488
53232
5332
533355
533
53362
53386
534262
5342
5343
53444
534442662
53452
5345264
5346664
535
5352
535263
53542
536835
5362
536246
53652
536672
536673
53683
536
53652
53662
5366
53662
5366273
53663
536643
5366672
5366925
5367653
53672
537286
53769
537
5372
537539
537543
537837
5384842
538
538262
53837388
5384
53842
53866
5392
53947
539
5394
539463
539477
542
5426
5426
54262
54222
54229
5423789
5432
54342
5436
5456
5452
54522
54524
54542
545442
545484
54554
5455426
5456
5459
546
5462
5462656
54632
5463539
5463729
5463739
54639
5463883
54687
54662
546635
54748
5472
547238
5473883
5474622
54753
548
548262
5484
54842
54889
54983
549
5492
5492384
549462
553935596
55693
5622
5626
56253
563
56426
5647
5652
5656696
56568484
56626
5662
566286
566366
56662
566643
566648
5672
5673534
567362
5673696
5673882
5674
56743
5674637
56746
567464
56762
56763
56772463
56773882
56882
56883
56887
568
5682662
56844546
56847
568472
568473
56872
5687262
5687337
5687463
5683
5683883
56839
56843
569355
5826
58262
58227
5823
58242
582426
58243
5824553
5824632
58246
582487
58273842
58287
5829
583569
583944
58444
5847
5853
5852
58554
5858
5862
58639
5863883
5873
587482
58842636
588437
597733
5933
59342
5953
596
59624
59632
59633
596335
596366
5963739
5963553
5963883
596539
5966
59662
59663
596632
596866
5973
59747
5972
59726337
59726372
6227836
6228
62235
622
6222953
62242
622536943
6229
623369
623353463
6233542
62335463
62343
6234766
6236662
62372
6237662
623
62356
62364
623766
623796
62383
62426
62432
624325362
624325363
62433
624443
624627
62466542
6242
624252
6242542
624274
62434
624
6242
6245
624553
624686
62473
62474
624743
625
62567
6252452
625253
625256
625264
6253662
62592
6252244
6252452
625262
625292
6252656
625324
62542
625462
6254772
62552
6255679
6256
625666
625663
625679
6262
626335
626335462
6263355
62639
626422
6266464
62666
62672
626835
6268352
6272
6272
627235
6272355
62723552
62723556
627235587
627242
627243
62726
627287
62729
6273355
62734
6273
62733
62735
62736
6273632
62742738
627427482
62743
62746
627468
6274837483
6274
62742
627424
627426
62742663
6274288
6274235
62742384
62743
627435
62743882
62744653
6274553
627452
627458
6274596
62746
627462
6274635
62746
627466
62747
627472
62747352
6274765
6274772
627487
6275326
62756743
6275
62752
627527
6275363
62754
627543
627546
62756
627566
627569
62759
627643
627646
6276462
6276
627746
627742
62774255
62782
627842
627846
6278462
62789
6278
62782
627835
6278352
6278363
627846
6279
627232
6274252
62766
6277466
628262
62836
62844532
62844533
62842
628427
6284532
6284533
6287452
62878
6288
628836
6288439
62884427
628869
62889
62833
62854
62872
6287336
6287423
62874546
62874946
62876
62883
62837425
62847
629
62946
629462
629463
6294645426
6294667
629463
6299355
629
6292
62926
62932
62937
629546
6296273
625253
6252952
6253662
625453
632
6323
63272
6332
633273
63332
634
63426
63433
6342542
634
6347
6353553
635
6352642
6352643
63526842
63522
63524467
6353
6354
63542
635462
6354632
6354672
635472633
6354772
635482
635639
635672
635672
63582
635846
6358462
635896
636335
636672
63723337
637237
637242
63729
63733484
63742
63747
63753
637546
6377455
6377488
63779
637866
6378
637846
637896
63795
637953
637425
6377462
63832
63882235
642
64224
6424235
64242352
642425
642435
6424353
642435463
64243553
6424456
642466
6425
642539
64265
64356
643883
6443262
644666
6452
6452454
6453
6454245
6454
645535
64526
6452638
6453733
64537
6454
6454264
645537
645542368
645543
64557
64559
6456
6458
645866
6464
6462
64632
64639
6463782
646492
64662
646643
64667
64689
646
6472
6472235
647223553
6472253
6472632
647232
64734553
6473552
647426
64748
64767528
64772
64723
64742
64789
6478
64824
6482435
64824355
64878
6492
6492632
649656
649355
662
66262
662662
6633782
6633789
66426633
66426
66462
66472
6653
66559
6662
6662426
666422
666482
666763
66682483
6668262
66683
6668346
6668466379
66689
6666
6672
66725
6672844
66733224
6673
667352
66739
667426
6674262
667424
667422
667539
66762
667743
66774426
667747
66774766
66773
6678
66784637
667866
66789
66793662
66737
66743
6677
667896
6692
66962
67362
68426623
68526
685492
6862
6872
687435
687749
687729
687766
687653
68842
69535
69537
6972
6974552
69752347
69762
69766
697853
6225
62342
62343
623463
62347
623862
624737
625462
6256
62647
626
62629
6263883
6264
626546
62655
62664
62765366
6272
627246
62724773
62736
627424
627456
627242
62742
62742
627737
628
628252
6282542
6282543
6282592
628263
6282742
6283
628372
62842543
628426
628426435
628463
628484323
628674
62878
628873
6282776
628336
62843
62925
629284
629354
62937
6325
632566
63242
6332
63372
63359
63362
633833
6345
63542
635543
635766
636
63638
63652
637462
637463
6374772
637482
6376
63772
637726
637867
6382692
6382
638232
63826
6384553
639626
642
64224
64255
64264
64243553
64246524
64246527
6425
64254
642633687
642652
642653
642653883
6435
64435
645653
645445
645482
64554
645567
64537
64633742
6462
64666
6472
64744
64772
6482
648272
648374
64847
64872
648
64943
649262
6624
6626
66346
663
6635
6635264
6656647
6652
66526
665263
6662
66652642
6662
666643
6672
66724
667336
6674
667462
6676
66762
667626
66762639
667747
667866
6679663
6682
66842
669537
669656
6692
686246
6874
6878
69256
69342
69354
69652
6972
699
6233
62537
625539
623343623
623766
62378
623262
6282842
6282846
628284687
63353
633542
63355
633772
633882
633883
63462
63977387
6337
64336
64462
6446
647846
6525
652545
65274
653
65324858
65684
657262
652
6523
652843
6534
653742
6542
654262
6546
654632
65483
654837
654842
65543
6596742
662
6627
66342
662
6626
663432
664
667569
6662
672
6725
6743542
674472
67724
672
6725
672533
6726
67263
6733
6736
673632
6742
674262
67435
67436
674646
67466
674653
67466
6752
6752636
6753267
67533
6754
6759
6762
676263
676423
677425
67736
67746
67766
67866
6784553
672662
67293
672676
6726763
67227
674663
67427
67527
6762
676663
677426
67743
679253
6843556
6847
6886
68729
682
6837866
6843
6936
69624
69
69943
72252
72256
7225273
7226
72339
7243
72443
725264
725372
72539
725527
72562
725637
725662
72584
726352
7263542
726246
7263672
7263452
726442
72692
72652
72656
727462
72747
727537
727546
727526
727539
7277474
72779
727766
727225
7272253
727242
7274
72824
72843623
72874242
7287425
72879
72889
7285
72852
72853883
7285462
7285463
72856
728567
729866
729866
729
73253
73275
7327543
732759
7322537
73376
73449
7352442
735426
73627653
73635673
7366
736639
736643
73669
73669
737737
73724825
73729
7373482
73739
737347463
7374
737746
73779
7383
73837
73872
7387663552
738852
7388642
739866
7423372
743642
744252
7445
74452
7445262
7445362
744547
7445547
744566362
7445972
74463493
746323
74954242
7495477
7495547
74973
742
742226
7437
74372
743723
743773
743773883
74527
745526
74737
74776
74882
7522436
75286
75288
753272623
7536643
76
76559
7656
76623
76779
76742
767837
7679
7692
77368423
77372688
773736242
7737866
77423
77466
774623
774724552
77626742
77833623
7783
77863552
779243
7972547
72245
72627
74262
78233
78262
782632
78264
7833643
783552
78366355
7836846
7837432
784262
784552
7845526
784629
7846
784629
7846526
78466
784682
7846846
784686
7846866
7847466
7866
7946
72242
7224
7224235
722435
72243553
723539
723926
723
7232663
723426
72399363
723235
723323556
7234
72464
7246
72462
72463
72472
7252
7253444
72574
726476
72666
726662
726737
72623
7263255
72634596
72636574
72639
7263
72633
72642
72648
7274235
72742352
727835
72742
7274432
72742
7285
72836
7284
729
7296663
72992
7294
732
7323
732426
7322
7323222
7323524
733
733355
7333673
733462
7333
73373
733837
73426
734462
73446253
734559
73462
736339
7364
736464866
7369
736
7362
736282
736283
7363
73633
73669
7384
738236
7383546
739
739
73962
7396273
7396653
7392
7432
74388
74426666
74632
746337
74662
746632
7467936
7497
742
742662
742663
7422736
7424
7424273
7425863883
7425
7426
74337
7444
74539
74622
746662
746
7462
74646
74662
7467326
7472
7482
7482
74837
74852
762
762246
762378
76246
76296
76226
76243553
76246
7625
762563
76259355
76259
763
7633
76339
76337425
763639
76437
765263
7652636
7653
76556
7662463
76626
76636
7662
766253
7662533
76626
76628
76632
76642
76654
76662
766643
76669
766738358
7674
7679
767
7672522
7672542
76725463
7672596
767268633
7673
76732663
76735264
76736279
7674286
76743
767463
7677
76772
76847625
76926
76939
769362
7692663
769
76923
769
7692
78262
7829
7836574
78372
7839
783462
78387
78444376
78637
7862
7863
787378
7877
7877355
787766
78784
78789
7884
7926
79337
79526
795263
79533
79543
796
7222
722462
722463
72272
7227462
72244
72343
723454
723472
723272
7233766
723462
7243
724272
72434
724567
7258
725
725362
725363
72559
725663
72582367
725828673
726
72626842
726766
726835
726372
726376
72639
7263673
726529
7265338
72663
72686
726867
72698
72774473
7272
72724
727243
727262
72732
7274368
72754
72742
72745842
727542
7282435
72846
7284652
7288
7285
72826624
729937
72936
72966
729866
7227538
72275388
72489537
7268
72688
732687
7326
732662
732766
732278426
732278436
7332
73362
734436
73456
7352
73527
735362
735363
73542
735462
735462
73562
7362
736353
736472
7362532
737836237
7372
73723462
737362
73736347489
73736489
7373782
73743
737446
73792
7384
73836
73837466
738462
7396687
7422437
742462
7425452
742547
7425472
742584
742524324
742626
7426272
7426472
742687
74262
742634
74263
74264
742662
7426636
7426666
742666
74268355
742784553
742747
74275363
742763
742766
74272
74286
742862
7428662
7429
74296
742962
7429
7432
7432366
74322
7433426
743362
743372
743452
7435
7435244
743529
7435366
7435539
743559
74374
74374326
7437463
7437473
7437626
743774
743779
743795
744352
744564
74464
74466
74472
74474
7447539
7447596
745666
74662
74674262
746742624
748242
7426
74295
743
743639
7436642
74372
743662
743772
74462
7452
7458246
7458262
745837
7462
74622
74666
746663
74625247
7463
746323
746546
7462426
74779
748639
7547
7547737
759527
759537
75233
75626
756263
75663
7633539
7669
76699
76342
765
765223
765262
7652643
765345
7656666
76636
766372
76635
76642
7666244
766672
76692
767442
767443
7672
767242
76736
767539
773623
7736237
77372692
77453
782239
782242
78229
7826
7826475287
782647528
782647529
7826539
7827
78277
7828767
783326
78332643
783334
7833343
783552
7837
7837426
783742643
7837436
783743643
78375464
783742
78383
783836
783843
7839
7839278
78455626
78625866
78663
78676
786769
788
788278
78837
783
78427
78539
7854
78547
78559
786262
786637
78633
78669
78726
787263
7872662
78726624
78743
788866
7892663
7893883
7899
78346
78382
79245
793633
793639
7958246
795837837
795842
795843
79626
79625247
79743
822
82226
82237
8224842
822482
8229
823
82335374
82344
82339
824
82432
8245966
82462
8248
8252
825274
82536
82542
82543746
825472
8254742
8254842
825547
82558524
825624
826
8262
82624
826272
8262742
82627463
8262842
826273
826372
8263766
826452
82662
82669
8262
8263423
8263742
82642
8264742
826484
826627
826637
82692
826
8272
82726
827262
827452
82746
8278
82796
82742
827432
8276463
827767
8283
8284262
8287326
8283
8284
82842
828482
829262
82942
829567
829272
832
832426
832483
8325
83252
833
83339
833643
8336
83443
835392
8354
83559
83562
836462
836472
836753
836753866
83636
836
83724
837362
8373623
83736842
837372
837666
83772
837726
837735
83773623
837747
83779
8377925
8378487
8378855426
837933893
83744
8377
83772
839
8423
84233387
8423387
84239
84252772
842542
8426
84263352
84263
84264
84282437
842937
8432
8435
843562
84362
843622
8436
84363672
84363673
8437372
8437373
84462
8466
846627
8467
84672
84676866
847463
84766
8487626
84972
842
84262
842738
84277253
8437639
8433269
845336
845543
84559
846
8466849
8462
8466
847
84792
847924
84742
848662
8626
86248
8629
863
8633
8654
86552
866
86627
86669
8666
8664
8669
86729
867292
8676
867737
8674
86743
8676
86772623
867746
8679
86744
86843
8682
86824
8684
86967363
86924
872239
87229
8724376
8726784552
8727737
87282
872847
873552
87368
873867
8739
874242
874529
87462
87464
8746489
87474
874742
874782
8747826
87478262
874783772
87478726
874943
87679
8769
87832
87833
87839
87852
87859
878626
87974362
88367
8837329
88552
88559
8866
88936
89452
89952
89
892663
89225
89537
8963
8963
8972
89733
897663
89766
8264
822
8329
846
85262
852
8526
85264
85362
853
855
8552
85742
8597737
862
8629
8623786
86356
864
8664
862
86489
873636
872642
872246
87226
874
87424
87435
874552
8748
8772
877252
877852
882
883
8245
825
8252
8252743
82536242
825368462
825368463
8253742
8253743
8254268
82553743
8258462
826
82623
82632546
8263772
826443
82662
82736
8272435
8288742
8284426
828446
832
832762
8342
83562
83633428
8363842
8372
83732
83734
8376
83762
83763
837666
83766422
83782
83829
838462
84
842
84254
84259
842867
84286742
8432
84325
84367
843662
8452
84623
8462368
8463
846643
84669
846766
84652
846538
847445
84744642
847652
8482
8482547
8486
84886746
84835
8484
848426
8484262
84843663
8523
85234647
8655369
86632
8663452
866372
884
9233
9232
92446637
92532
92536
925537
9255223
9258
92582
925837
92632
926382
9273
927637
927736
927254
92744
9274464866
9283759
92963
9327837
9352663
93632
9363355
93634
93639
937637
937
937539
937866
9433537
944829
944834353
9448539
9448639
945287
94539
9453673
9453733
9454356462
9455
94552
9455273
945536
9455426
945547
94562
945766
945866
94632
9463733
94643733
946662
9467569
9467866
94682
94684767
96534264
9663
9663769
96637
96639
967336
992638
99288
99626
9966
99663
996662
99663
92639
926843
9268487
92686
928437
9284372
9362
93642
93667466
93667
937937
94628263
965264
9892
99566
92244
92343
9235
924656
92486
9247
9253
92625
92646
9262
92629
9265
92652
92664
926647
927326
9273539
9276
92766
92737
92746
927646
92786
92837
93
9327353444
934834
935362
936
93643
9372
93733
937435
937846
93889
9382
944262
94876
94882
9647
96
9644
9656
965263
9652632
96624
9664624
967425
9675
96733
967338
96744
9674466
985
9854
98546
985
9853
9862
9874
98825
9837
983883
9866
986663
92224387
9224
922427424
9224279
9224
9232
92487
92432
92433
92452
92473
9254
925626
926
9263
92662
9272
92732
92733
92734
92735
927432
927462
92823
9296
9292
9298
92446439
932
932
932439
9328566
933
93335424
933
93432
9353
9354
93532
93542
93544
9362
93627
9363
93642
9366242
93666
937426
937476
938
93938
942
942926
945666
9454
94554
94674
94662
946642
9466
9472454
9482
948
9482
94826
94836
9492
9494
96
9626
963
9639
96342
96427
9643
9652
965826
965846
9662
967232
972
9852
9853452
985362
987435
994
9982

